Homes:
  a490bf46-a387-388e-a5e8-b0e573e85fb4:
    X: -57.88154950643826
    Y: 77.0
    Z: 465.05104963262454
    Yaw: 53.029785
    Pitch: 38.54995
    World: world
